%YAML:1.0
---
m_complexCameraModel: 0
m_imageSize: [ 320, 268 ]
m_cameraMatrix: !!opencv-matrix
   rows: 3
   cols: 3
   dt: d
   data: [ 1.8688887090076781e+02, 0., 1.6276884541163565e+02, 0.,
       1.8682478047151983e+02, 1.2842319782474675e+02, 0., 0., 1. ]
m_isfisheye: 0
m_distCoeffs: !!opencv-matrix
   rows: 1
   cols: 5
   dt: d
   data: [ -4.1515813264355061e-01, 1.9957958047542948e-01,
       5.4127954281410063e-05, -2.2705453573984447e-04,
       -4.9140387218782187e-02 ]
m_patternSize: [ 11, 8 ]
m_patternLength: [ 30., 30. ]
m_iscircle: 0
m_reprojectionError: 9.6535654738545418e-03
