%YAML:1.0
---
m_imageSize: [ 320, 268 ]
m_R: !!opencv-matrix
   rows: 3
   cols: 3
   dt: d
   data: [ 9.9998707388719466e-01, 2.9820628565332369e-03,
       -4.1181743098098484e-03, -3.0027915875765507e-03,
       9.9998280830938180e-01, -5.0364996141997014e-03,
       4.1030843530047607e-03, 5.0488005310112098e-03,
       9.9997883693205736e-01 ]
m_T: !!opencv-matrix
   rows: 3
   cols: 1
   dt: d
   data: [ -8.0003689698431415e+01, 9.9596843282817066e-02,
       -1.5050659159346971e+00 ]
m_E: !!opencv-matrix
   rows: 3
   cols: 3
   dt: d
   data: [ -4.1107450218345106e-03, 1.5055428859023636e+00,
       9.2014471603105580e-02, -1.1767845738986060e+00,
       3.9943446986775355e-01, 8.0008194698700237e+01,
       1.4063885051874886e-01, -8.0002611303796783e+01,
       4.0334870946204793e-01 ]
m_F: !!opencv-matrix
   rows: 3
   cols: 3
   dt: d
   data: [ -7.9561277713709623e-08, 2.9148065965351484e-05,
       -3.3988762112881206e-03, -2.2775928799211554e-05,
       7.7332147958692679e-06, 2.9194392955883347e-01,
       3.3850601920692781e-03, -2.9369779046580002e-01, 1. ]
m_RFirst: !!opencv-matrix
   rows: 3
   cols: 3
   dt: d
   data: [ 9.9989030730393735e-01, 1.8318359315726220e-03,
       1.4697541861059722e-02, -1.7949616210458884e-03,
       9.9999520962154398e-01, -2.5216753841745139e-03,
       -1.4702090749848335e-02, 2.4950172512387212e-03,
       9.9988880552614412e-01 ]
m_RSec: !!opencv-matrix
   rows: 3
   cols: 3
   dt: d
   data: [ 9.9982231821961343e-01, -1.2446819279678034e-03,
       1.8809113664825770e-02, 1.1974948509382026e-03,
       9.9999610832603569e-01, 2.5197894486162142e-03,
       -1.8812176802276814e-02, -2.4968179111764357e-03,
       9.9981991773732859e-01 ]
m_PFirst: !!opencv-matrix
   rows: 3
   cols: 4
   dt: d
   data: [ 1.8634393872233704e+02, 0., 1.5634326553344727e+02, 0., 0.,
       1.8634393872233704e+02, 1.2714350414276123e+02, 0., 0., 0., 1.,
       0. ]
m_PSec: !!opencv-matrix
   rows: 3
   cols: 4
   dt: d
   data: [ 1.8634393872233704e+02, 0., 1.5634326553344727e+02,
       -1.4910852037462471e+04, 0., 1.8634393872233704e+02,
       1.2714350414276123e+02, 0., 0., 0., 1., 0. ]
m_Q: !!opencv-matrix
   rows: 4
   cols: 4
   dt: d
   data: [ 1., 0., 0., -1.5634326553344727e+02, 0., 1., 0.,
       -1.2714350414276123e+02, 0., 0., 0., 1.8634393872233704e+02, 0.,
       0., 1.2497202591385185e-02, 0. ]
m_validRoileft: [ 0, 1, 318, 264 ]
m_validRoiright: [ 2, 4, 318, 264 ]
