%YAML:1.0
---
m_complexCameraModel: 0
m_imageSize: [ 320, 268 ]
m_cameraMatrix: !!opencv-matrix
   rows: 3
   cols: 3
   dt: d
   data: [ 1.8790507233960807e+02, 0., 1.5514842884687292e+02, 0.,
       1.8519336816470491e+02, 1.3474280318310659e+02, 0., 0., 1. ]
m_isfisheye: 0
m_distCoeffs: !!opencv-matrix
   rows: 1
   cols: 5
   dt: d
   data: [ -4.0799023719996719e-01, 1.9147350272676286e-01,
       3.2987277479970066e-05, 9.2339575430527553e-05,
       -4.5670719157878285e-02 ]
m_patternSize: [ 11, 8 ]
m_patternLength: [ 30., 30. ]
m_iscircle: 0
m_reprojectionError: 1.1631569825112820e-02
