%YAML:1.0
---
m_imageSize: [ 320, 268 ]
m_R: !!opencv-matrix
   rows: 3
   cols: 3
   dt: d
   data: [ 9.9996603536232276e-01, 8.1553878877713894e-03,
       1.1907015401637787e-03, -8.1394751479289349e-03,
       9.9988484977643211e-01, -1.2807659110000619e-02,
       -1.2950158585916711e-03, 1.2797532416904688e-02,
       9.9991726962682481e-01 ]
m_T: !!opencv-matrix
   rows: 3
   cols: 1
   dt: d
   data: [ -7.9721939120288766e+01, -3.7267150735912771e+00,
       6.5042347794876330e+00 ]
m_E: !!opencv-matrix
   rows: 3
   cols: 3
   dt: d
   data: [ 5.7767212464687953e-02, -6.5511785723614890e+00,
       -3.6431027392354336e+00, 6.4007726900715260e+00,
       1.0732886577702523e+00, 7.9723088296884612e+01,
       4.3754832392783705e+00, -7.9682366314203449e+01,
       1.0254888252187577e+00 ]
m_F: !!opencv-matrix
   rows: 3
   cols: 3
   dt: d
   data: [ 9.1232748631896106e-07, -1.0508793328282917e-04,
       3.2884584266500935e-03, 1.0270182332451306e-04,
       1.7491471823466587e-05, 2.2460672457657138e-01,
       -8.5654620261397293e-04, -2.3397368897629278e-01, 1. ]
m_RFirst: !!opencv-matrix
   rows: 3
   cols: 3
   dt: d
   data: [ 9.9530086372598270e-01, 5.3615814011363963e-02,
       -8.0632097543173409e-02, -5.4145417746156409e-02,
       9.9852339092712461e-01, -4.3944861463973851e-03,
       8.0277421504475421e-02, 8.7396944623651350e-03,
       9.9673424408780953e-01 ]
m_RSec: !!opencv-matrix
   rows: 3
   cols: 3
   dt: d
   data: [ 9.9560830769021635e-01, 4.6541121912043217e-02,
       -8.1228207104379543e-02, -4.6005465670062341e-02,
       9.9890540909806724e-01, 8.4546320501566064e-03,
       8.1532783508870582e-02, -4.6805604142186397e-03,
       9.9665966988110055e-01 ]
m_PFirst: !!opencv-matrix
   rows: 3
   cols: 4
   dt: d
   data: [ 1.8906169272968589e+02, 0., 1.8304663181304932e+02, 0., 0.,
       1.8906169272968589e+02, 1.3655059051513669e+02, 0., 0., 0., 1.,
       0. ]
m_PSec: !!opencv-matrix
   rows: 3
   cols: 4
   dt: d
   data: [ 1.8906169272968589e+02, 0., 1.8304663181304932e+02,
       -1.5138849928585096e+04, 0., 1.8906169272968589e+02,
       1.3655059051513669e+02, 0., 0., 0., 1., 0. ]
m_Q: !!opencv-matrix
   rows: 4
   cols: 4
   dt: d
   data: [ 1., 0., 0., -1.8304663181304932e+02, 0., 1., 0.,
       -1.3655059051513669e+02, 0., 0., 0., 1.8906169272968589e+02, 0.,
       0., 1.2488510925304874e-02, 0. ]
m_validRoileft: [ 9, 0, 305, 251 ]
m_validRoiright: [ 9, 4, 301, 248 ]
