%YAML:1.0
---
m_imageSize: [ 640, 536 ]
m_R: !!opencv-matrix
   rows: 3
   cols: 3
   dt: d
   data: [ 9.9996499123910487e-01, 8.3639910232111755e-03,
       -2.4484758634548553e-04, -8.3658074472000177e-03,
       9.9992702658994048e-01, -8.7152028523096326e-03,
       1.7193584056000288e-04, 8.7169460916181000e-03,
       9.9996199192214430e-01 ]
m_T: !!opencv-matrix
   rows: 3
   cols: 1
   dt: d
   data: [ -7.9910313494252577e+01, -1.6919538713906426e+00,
       4.6521619980612758e+00 ]
m_E: !!opencv-matrix
   rows: 3
   cols: 3
   dt: d
   data: [ 3.8628183977895636e-02, -4.6665711846225451e+00,
       -1.6513450279612605e+00, 4.6657385785542882e+00,
       7.3548453608401076e-01, 7.9906137186199302e+01,
       2.3604089339204197e+00, -7.9890330679185979e+01,
       6.9602032127244906e-01 ]
m_F: !!opencv-matrix
   rows: 3
   cols: 3
   dt: d
   data: [ 1.4087823976683869e-07, -1.7287929644183054e-05,
       2.4361965456336752e-03, 1.7281978245878511e-05,
       2.7672733740408333e-06, 1.0662192949311478e-01,
       -1.4462461775521503e-03, -1.0984346365233590e-01, 1. ]
m_RFirst: !!opencv-matrix
   rows: 3
   cols: 3
   dt: d
   data: [ 9.9786500315139004e-01, 2.8972590449666404e-02,
       -5.8532251693509015e-02, -2.9234466873014297e-02,
       9.9956601746032780e-01, -3.6225246928431520e-03,
       5.8401895793946744e-02, 5.3259497871767448e-03,
       9.9827894539879858e-01 ]
m_RSec: !!opencv-matrix
   rows: 3
   cols: 3
   dt: d
   data: [ 9.9808672710107971e-01, 2.1132650193191316e-02,
       -5.8105905727963127e-02, -2.0872195246982146e-02,
       9.9976921667767094e-01, 5.0857496289361511e-03,
       5.8199971221870705e-02, -3.8632213926436286e-03,
       9.9829747013114523e-01 ]
m_PFirst: !!opencv-matrix
   rows: 3
   cols: 4
   dt: d
   data: [ 3.7806639129960416e+02, 0., 3.5112712478637695e+02, 0., 0.,
       3.7806639129960416e+02, 2.7471697998046869e+02, 0., 0., 0., 1.,
       0. ]
m_PSec: !!opencv-matrix
   rows: 3
   cols: 4
   dt: d
   data: [ 3.7806639129960416e+02, 0., 3.5112712478637695e+02,
       -3.0269317314879507e+04, 0., 3.7806639129960416e+02,
       2.7471697998046869e+02, 0., 0., 0., 1., 0. ]
m_Q: !!opencv-matrix
   rows: 4
   cols: 4
   dt: d
   data: [ 1., 0., 0., -3.5112712478637695e+02, 0., 1., 0.,
       -2.7471697998046869e+02, 0., 0., 0., 3.7806639129960416e+02, 0.,
       0., 1.2490086491437249e-02, 0. ]
m_validRoileft: [ 12, 0, 620, 513 ]
m_validRoiright: [ 11, 12, 616, 507 ]
