%YAML:1.0
---
m_complexCameraModel: 0
m_imageSize: [ 640, 536 ]
m_cameraMatrix: !!opencv-matrix
   rows: 3
   cols: 3
   dt: d
   data: [ 3.7340332239868331e+02, 0., 3.2034582621303582e+02, 0.,
       3.7350960721794110e+02, 2.5235909190109226e+02, 0., 0., 1. ]
m_isfisheye: 0
m_distCoeffs: !!opencv-matrix
   rows: 1
   cols: 5
   dt: d
   data: [ -3.9833187681260196e-01, 1.6976907980497455e-01,
       -2.4271991300529557e-04, 6.4106522315671600e-04,
       -3.4600254257604518e-02 ]
m_patternSize: [ 11, 8 ]
m_patternLength: [ 30., 30. ]
m_iscircle: 0
m_reprojectionError: 1.8487621098756790e-02
