%YAML:1.0
---
m_imageSize: [ 640, 536 ]
m_R: !!opencv-matrix
   rows: 3
   cols: 3
   dt: d
   data: [ 9.9999309578326279e-01, 2.8571281644946202e-03,
       -2.3759639007948116e-03, -2.8685945785459524e-03,
       9.9998418870770889e-01, -4.8366827195048838e-03,
       2.3621073113144681e-03, 4.8434650031637461e-03,
       9.9998548054249914e-01 ]
m_T: !!opencv-matrix
   rows: 3
   cols: 1
   dt: d
   data: [ -7.9990066716146643e+01, 1.0374567975431713e-01,
       -1.3873625114121819e+00 ]
m_E: !!opencv-matrix
   rows: 3
   cols: 3
   dt: d
   data: [ -3.7347221500499202e-03, 1.3878430639871195e+00,
       9.7033941138692847e-02, -1.1984078113379681e+00,
       3.8346521623466973e-01, 7.9992201627016897e+01,
       1.2571410824780874e-01, -7.9989098384524979e+01,
       3.8713306940798892e-01 ]
m_F: !!opencv-matrix
   rows: 3
   cols: 3
   dt: d
   data: [ -1.9887955510982414e-08, 7.3907412521218927e-06,
       -1.7030193902103882e-03, -6.3801343163185984e-06,
       2.0415826323872454e-06, 1.6101893162136005e-01,
       1.8642161110343054e-03, -1.6151062131155347e-01, 1. ]
m_RFirst: !!opencv-matrix
   rows: 3
   cols: 3
   dt: d
   data: [ 9.9988656226106587e-01, 1.6439239591056823e-03,
       1.4971977950972602e-02, -1.6078611357459630e-03,
       9.9999577819816843e-01, -2.4204066616304262e-03,
       -1.4975893706750525e-02, 2.3960592346988284e-03,
       9.9988498413958982e-01 ]
m_RSec: !!opencv-matrix
   rows: 3
   cols: 3
   dt: d
   data: [ 9.9984878284983647e-01, -1.2967859121356554e-03,
       1.7341562213327801e-02, 1.2550168663790777e-03,
       9.9999628601344104e-01, 2.4192750958046032e-03,
       -1.7344635088860676e-02, -2.3971453068520523e-03,
       9.9984669691308781e-01 ]
m_PFirst: !!opencv-matrix
   rows: 3
   cols: 4
   dt: d
   data: [ 3.7345845301266411e+02, 0., 3.1278015518188477e+02, 0., 0.,
       3.7345845301266411e+02, 2.5478310203552246e+02, 0., 0., 0., 1.,
       0. ]
m_PSec: !!opencv-matrix
   rows: 3
   cols: 4
   dt: d
   data: [ 3.7345845301266411e+02, 0., 3.1278015518188477e+02,
       -2.9877484560261186e+04, 0., 3.7345845301266411e+02,
       2.5478310203552246e+02, 0., 0., 0., 1., 0. ]
m_Q: !!opencv-matrix
   rows: 4
   cols: 4
   dt: d
   data: [ 1., 0., 0., -3.1278015518188477e+02, 0., 1., 0.,
       -2.5478310203552246e+02, 0., 0., 0., 3.7345845301266411e+02, 0.,
       0., 1.2499661819234469e-02, 0. ]
m_validRoileft: [ 0, 1, 636, 527 ]
m_validRoiright: [ 4, 7, 636, 529 ]
